0 0.461340 0.130769 0.087629 0.061538
0 0.561856 0.253846 0.072165 0.053846
0 0.639175 0.261538 0.092784 0.053846
0 0.319588 0.253846 0.072165 0.053846
0 0.056701 0.430769 0.082474 0.053846
0 0.180412 0.430769 0.072165 0.053846
0 0.128866 0.461538 0.092784 0.053846
0 0.260309 0.480769 0.087629 0.053846
0 0.134021 0.603846 0.103093 0.053846
0 0.337629 0.634615 0.108247 0.053846
0 0.342784 0.546154 0.087629 0.053846
0 0.523196 0.421154 0.077320 0.057692
0 0.695876 0.484615 0.082474 0.053846
0 0.835052 0.484615 0.072165 0.053846
0 0.682990 0.438462 0.077320 0.053846
0 0.878866 0.671154 0.118557 0.057692
0 0.515464 0.678846 0.092784 0.057692
0 0.775773 0.490385 0.077320 0.057692
0 0.773196 0.651923 0.092784 0.057692
0 0.185567 0.632692 0.103093 0.057692